   0.00000000       100.000000       100.000000       100.000000    
  0.200000018       80.0000000       83.3333282       81.8730774    
  0.400000036       64.0000000       69.4444351       67.0320053    
  0.600000024       51.2000008       57.8703613       54.8811607    
  0.800000072       40.9600029       48.2252998       44.9328957    
   1.00000012       32.7680016       40.1877480       36.7879410    
   1.20000005       26.2144012       33.4897881       30.1194191    
   1.40000010       20.9715214       27.9081554       24.6596947    
   1.60000014       16.7772179       23.2567959       20.1896515    
   1.80000019       13.4217749       19.3806629       16.5298843    
   2.00000024       10.7374201       16.1505508       13.5335255    
   2.20000029       8.58993626       13.4587917       11.0803146    
   2.40000010       6.87194920       11.2156591       9.07179451    
   2.60000014       5.49755955       9.34638214       7.42735624    
   2.80000019       4.39804792       7.78865147       6.08100510    
   3.00000024       3.51843834       6.49054241       4.97870541    
   3.20000029       2.81475067       5.40878534       4.07622004    
   3.40000033       2.25180054       4.50732088       3.33732581    
   3.60000038       1.80144048       3.75610065       2.73237109    
   3.80000043       1.44115245       3.13008380       2.23707676    
   4.00000048       1.15292203       2.60840297       1.83156300    
